pi = 3.138777717685 , calculated in 0.059 seconds with 258 block and 516 threads for 1331280 iterations/thread
pi = 3.142100835286 , calculated in 0.059 seconds with 258 block and 516 threads for 1331280 iterations/thread
pi = 3.141872483625 , calculated in 0.059 seconds with 258 block and 516 threads for 1331280 iterations/thread
pi = 3.140754762334 , calculated in 0.058 seconds with 258 block and 516 threads for 1331280 iterations/thread
